   1.1573300e+04
   1.0779900e+04
   9.9655703e+03
   9.3950098e+03
   9.3375498e+03
   8.8660000e+03
   9.5786299e+03
   9.2051201e+03
   9.1948496e+03
   8.2698096e+03
   8.3008604e+03
   8.3383496e+03
   7.9168799e+03
   8.2236797e+03
   8.6306504e+03
   8.9134697e+03
   8.9292803e+03
   8.7284697e+03
   8.8796201e+03
   8.6681201e+03
   8.4957803e+03
   8.2094004e+03
   7.8330400e+03
   7.9544800e+03
   7.1657002e+03
   6.8905200e+03
   6.9735298e+03
   6.8442300e+03
   7.0837998e+03
   7.4561099e+03
   6.8538398e+03
   6.8114702e+03
   6.6363198e+03
   6.9110898e+03
   7.0235200e+03
   6.7707300e+03
   6.8347598e+03
   6.9683198e+03
   7.8892500e+03
   7.8959600e+03
   7.9862402e+03
   8.3291104e+03
   8.0586699e+03
   7.9020898e+03
   8.1634199e+03
   8.2943096e+03
   8.8458301e+03
   8.8955801e+03
   8.8024600e+03
   8.9308799e+03
   9.6975000e+03
   8.8457402e+03
   9.2815098e+03
   8.9870498e+03
   9.3484805e+03
   9.4190801e+03
   9.2405498e+03
   9.1190098e+03
   9.2359199e+03
   9.7438604e+03
   9.7007598e+03
   9.8581504e+03
   9.6547998e+03
   9.3730098e+03
   9.2348203e+03
   9.3251797e+03
   9.0439404e+03
   8.4414902e+03
   8.5048896e+03
   8.7239404e+03
   8.7167900e+03
   8.5103799e+03
   8.3688301e+03
   8.0943198e+03
   8.2509697e+03
   8.2471797e+03
   8.5132500e+03
   8.4189902e+03
   8.0417798e+03
   7.5578198e+03
   7.5873398e+03
   7.4801401e+03
   7.3558799e+03
   7.3682202e+03
   7.1359902e+03
   7.4725898e+03
   7.4065200e+03
   7.4941699e+03
   7.5414502e+03
   7.6434502e+03
   7.7202500e+03
   7.5144702e+03
   7.6337598e+03
   7.6539800e+03
   7.6782402e+03
   7.6249199e+03
   7.5319800e+03
   6.7860200e+03
   6.9069199e+03
   6.5823599e+03
   6.3498999e+03
   6.6753501e+03
   6.4565801e+03
   6.5501602e+03
   6.4992700e+03
   6.7348198e+03
   6.7699399e+03
   6.7765498e+03
   6.7297402e+03
   6.0836899e+03
   6.1624800e+03
   6.1732300e+03
   6.2491802e+03
   6.0936699e+03
   6.1571299e+03
   5.9034399e+03
   6.2182998e+03
   6.4040000e+03
   6.3858198e+03
   6.6141802e+03
   6.5295898e+03
   6.5975498e+03
   6.6391401e+03
   6.6735000e+03
   6.8569302e+03
   6.7738799e+03
   6.7417500e+03
   6.3299502e+03
   6.3947100e+03
   6.2288101e+03
   6.2380498e+03
   6.2761201e+03
   6.3596401e+03
   6.7417500e+03
   7.3210400e+03
   7.3707798e+03
   7.4668599e+03
   7.3541299e+03
   7.4192900e+03
   7.4184902e+03
   7.7111099e+03
   8.4242695e+03
   8.1813901e+03
   7.9515801e+03
   8.1650098e+03
   8.1921504e+03
   8.2184600e+03
   8.1804800e+03
   7.7804399e+03
   7.6249102e+03
   7.5671499e+03
   7.4343901e+03
   7.0328501e+03
   7.0684800e+03
   6.9517998e+03
   6.7531201e+03
   6.3057998e+03
   6.5682300e+03
   6.1847100e+03
   6.2957300e+03
   6.3226899e+03
   6.2975698e+03
   6.1997100e+03
   6.3085200e+03
   6.3347300e+03
   6.5806299e+03
   6.4237598e+03
   6.5060698e+03
   6.3085298e+03
   6.4887598e+03
   6.3767100e+03
   6.5348799e+03
   6.7199600e+03
   6.7631899e+03
   6.7072598e+03
   6.8846401e+03
   7.0962798e+03
   7.0471602e+03
   6.9782300e+03
   7.0375801e+03
   7.1932500e+03
   7.2727202e+03
   7.2600601e+03
   7.3616602e+03
   6.7928301e+03
   6.5291699e+03
   6.4670698e+03
   6.2259800e+03
   6.3008599e+03
   6.3297002e+03
   6.3212002e+03
   6.3517998e+03
   6.5173101e+03
   6.5127100e+03
   6.5432002e+03
   6.5171802e+03
   6.2812002e+03
   6.3712998e+03
   6.3985400e+03
   6.5196699e+03
   6.7349502e+03
   6.7219800e+03
   6.7106299e+03
   6.5954102e+03
   6.4464702e+03
   6.4950000e+03
   6.6767500e+03
   6.6441299e+03
   6.6019600e+03
   6.6255601e+03
   6.5896201e+03
   6.5561001e+03
   6.5025898e+03
   6.5766899e+03
   6.6224800e+03
   6.5883101e+03
   6.6029502e+03
   6.6522300e+03
   6.6426401e+03
   6.5855298e+03
   6.2562402e+03
   6.2745801e+03
   6.2859902e+03
   6.2909302e+03
   6.5965400e+03
   6.5961099e+03
   6.5444302e+03
   6.4767100e+03
   6.4654102e+03
   6.4891899e+03
   6.4823501e+03
   6.4871602e+03
   6.4757402e+03
   6.4958398e+03
   6.4762900e+03
   6.4747500e+03
   6.4803799e+03
   6.4863901e+03
   6.3326299e+03
   6.3342700e+03
   6.3176099e+03
   6.3777798e+03
   6.3884399e+03
   6.3612598e+03
   6.3761299e+03
   6.4196602e+03
   6.4610098e+03
   6.5301401e+03
   6.4537202e+03
   6.3856201e+03
   6.4092202e+03
   6.4112700e+03
   6.3712700e+03
   6.3594902e+03
   5.7383501e+03
   5.6480298e+03
   5.5755498e+03
   5.5543301e+03
   5.6235400e+03
   4.8714902e+03
   4.4518701e+03
   4.6021699e+03
   4.3659399e+03
   4.3471099e+03
   3.8807600e+03
   4.0099700e+03
   3.7791299e+03
   3.8207200e+03
   4.2574199e+03
   4.2788467e+03
   4.0172686e+03
   4.2146719e+03
   4.1398779e+03
   3.8941309e+03
   3.9568938e+03
   3.7539949e+03
   3.5211018e+03
   3.4199373e+03
   3.4761147e+03
   3.6142344e+03
   3.5026560e+03
   3.4245881e+03
   3.4869502e+03
   3.3136772e+03
   3.2424849e+03
   3.2367617e+03
   3.2528391e+03
   3.5458647e+03
   3.6960591e+03
   3.7459507e+03
   4.1344414e+03
   3.8965437e+03
   4.0141826e+03
   3.9989802e+03
   4.0785991e+03
   3.8154907e+03
   3.8572976e+03
   3.6548335e+03
   3.9239187e+03
   3.8204087e+03
   3.8659526e+03
   3.7427004e+03
   3.8435200e+03
   3.9434094e+03
   3.8367412e+03
   3.8577175e+03
   3.8451946e+03
   4.0766326e+03
   4.0252483e+03
   4.0308479e+03
   4.0352964e+03
   3.6789246e+03
   3.6873655e+03
   3.6613010e+03
   3.5529531e+03
   3.7060522e+03
   3.6306753e+03
   3.6550068e+03
   3.6785640e+03
   3.6578394e+03
   3.7285684e+03
   3.6010137e+03
   3.5760325e+03
   3.6045771e+03
   3.5851230e+03
   3.6008655e+03
   3.5997659e+03
   3.6024604e+03
   3.5839658e+03
   3.4704504e+03
   3.4481169e+03
   3.4861816e+03
   3.4577927e+03
   3.4879453e+03
   3.5210608e+03
   3.4640134e+03
   3.4591541e+03
   3.4663574e+03
   3.4137678e+03
   3.3994717e+03
   3.6667803e+03
   3.6712036e+03
   3.6901882e+03
   3.6484307e+03
   3.6535286e+03
   3.6320706e+03
   3.6168809e+03
   3.6208108e+03
   3.6297876e+03
   3.6738362e+03
   3.9157144e+03
   3.9470945e+03
   3.9998206e+03
   3.9541182e+03
   4.0055266e+03
   4.1425269e+03
   3.8104275e+03
   3.8826963e+03
   3.8543579e+03
   3.8510474e+03
   3.8547854e+03
   3.8595837e+03
   3.8644150e+03
   3.8471758e+03
   3.7615571e+03
   3.8963750e+03
   3.9039426e+03
   3.9114844e+03
   3.9011316e+03
   3.9633137e+03
   3.9515999e+03
   3.9052273e+03
   3.9091562e+03
   3.9067173e+03
   3.9243691e+03
   3.9609111e+03
   4.0487258e+03
   4.0252290e+03
   4.0325073e+03
   4.0711902e+03
   4.0874763e+03
   4.0293269e+03
   4.0239683e+03
   4.0358264e+03
   4.0221682e+03
   3.9630706e+03
   3.9850808e+03
   4.0870662e+03
   4.0691072e+03
   4.0983745e+03
   4.1066602e+03
   4.1054043e+03
   4.1581831e+03
   4.8798779e+03
   4.9730220e+03
   4.9227988e+03
   5.0366812e+03
   5.0598174e+03
   5.1988970e+03
   5.2897710e+03
   5.2049585e+03
   5.3245518e+03
   5.0644878e+03
   5.0895391e+03
   5.0965864e+03
   5.1677222e+03
   5.0671084e+03
   5.2355596e+03
   5.2519380e+03
   5.2983857e+03
   5.3038125e+03
   5.3378862e+03
   5.3145312e+03
   5.3993652e+03
   5.5723623e+03
   5.4648667e+03
   5.2105156e+03
   5.2793481e+03
   5.2682910e+03
   5.2851392e+03
   5.2473525e+03
   5.3507266e+03
   5.4026973e+03
   5.5052837e+03
   5.7682896e+03
   5.8311675e+03
   5.7957085e+03
   5.7468071e+03
   5.8295015e+03
   5.9824575e+03
   6.1745288e+03
   6.3788491e+03
   7.2047715e+03
   6.9723716e+03
   7.8149150e+03
   7.9944160e+03
   8.2051680e+03
   7.8849092e+03
   7.3438955e+03
   7.2712080e+03
   8.1976895e+03
   7.9783091e+03
   7.9633276e+03
   7.6800664e+03
   7.8818467e+03
   7.9873716e+03
   8.0525439e+03
   8.6732158e+03
   8.8057783e+03
   8.7199619e+03
   8.6594873e+03
   8.3194727e+03
   8.5745020e+03
   8.5640166e+03
   8.7429580e+03
   8.2089951e+03
   7.7077710e+03
   7.8242314e+03
   7.8220234e+03
   8.0439512e+03
   7.9541279e+03
   7.6880771e+03
   8.0003296e+03
   7.9277144e+03
   8.1458574e+03
   8.2309238e+03
   8.6938330e+03
   8.8383750e+03
   8.9944883e+03
   9.3203525e+03
   9.0817627e+03
   9.2735215e+03
   9.5271602e+03
   1.0144557e+04
   1.0701691e+04
   1.0855371e+04
   1.1011103e+04
   1.1790917e+04
   1.3016231e+04
   1.1182807e+04
   1.2407332e+04
   1.1959371e+04
   1.0817155e+04
   1.0583135e+04
   1.0801678e+04
   1.1961270e+04
   1.1215438e+04
   1.0978460e+04
   1.1208551e+04
   1.1450847e+04
   1.2285958e+04
   1.2573812e+04
   1.2156513e+04
   1.1358662e+04
   1.1815986e+04
   1.1392379e+04
   1.0256059e+04
   1.0895090e+04
   9.4776416e+03
   9.6938027e+03
   1.0666482e+04
   1.0530732e+04
   1.0767140e+04
   1.0599105e+04
   1.0343106e+04
   9.9007676e+03
   9.8119258e+03
   9.9118418e+03
   9.8703037e+03
   9.4776777e+03
   9.5528604e+03
   9.5191455e+03
   9.6074238e+03
   1.0085628e+04
   1.0399669e+04
   1.0518175e+04
   1.0821727e+04
   1.0970185e+04
   1.1805653e+04
   1.1478169e+04
   1.1941969e+04
   1.1966407e+04
   1.1862937e+04
   1.1354024e+04
   1.1523579e+04
   1.1382616e+04
   1.0895830e+04
   1.0051704e+04
   1.0311546e+04
   1.0374339e+04
   1.0231744e+04
   1.0345811e+04
   1.0916054e+04
   1.0763232e+04
   1.0138050e+04
   1.0131056e+04
   1.0407965e+04
   1.0159961e+04
   1.0138518e+04
   1.0370820e+04
   1.0185500e+04
   9.7544229e+03
   9.5102002e+03
   9.5981738e+03
   9.6306641e+03
   9.7579707e+03
   1.0346761e+04
   1.0623540e+04
   1.0594493e+04
   1.0575533e+04
   1.0353303e+04
   1.0517255e+04
   1.0441276e+04
   1.0334975e+04
   1.0115976e+04
   1.0178372e+04
   1.0410127e+04
   1.0360547e+04
   1.0358049e+04
   1.0347713e+04
   1.0276794e+04
   1.0241272e+04
   1.0198248e+04
   1.0266415e+04
   1.0181642e+04
   1.0019717e+04
   1.0070393e+04
   9.7293242e+03
   8.6205664e+03
   8.4869932e+03
   8.1189678e+03
   8.2518457e+03
   8.2459150e+03
   8.1041855e+03
   8.2938682e+03
   8.3432764e+03
   8.3930420e+03
   8.2599922e+03
   8.2059395e+03
   8.1515005e+03
   7.9881558e+03
   8.2456230e+03
   8.2287832e+03
   8.5957402e+03
   8.5864736e+03
   8.3217568e+03
   8.3365557e+03
   8.3210059e+03
   8.3746865e+03
   8.2053691e+03
   8.0475269e+03
   8.1039111e+03
   7.9732075e+03
   7.9885605e+03
   8.2220781e+03
   8.2437207e+03
   8.0782031e+03
   7.5146719e+03
   7.4934888e+03
   8.6607002e+03
   9.2449727e+03
   9.5517148e+03
   9.2561484e+03
   9.4276875e+03
   9.2057266e+03
   9.1995850e+03
   9.2611045e+03
   9.3247178e+03
   9.2353545e+03
   9.4126123e+03
   9.3425273e+03
   9.3608799e+03
   9.2675615e+03
   8.8048809e+03
   8.8135820e+03
   9.0555264e+03
   8.7577881e+03
   8.8156621e+03
   8.8082627e+03
   8.7080947e+03
   8.4919922e+03
   8.5507607e+03
   8.5779756e+03
   8.3092861e+03
   8.2061455e+03
   8.0272681e+03
   7.6427500e+03
   7.2965776e+03
   7.3977969e+03
   7.0479170e+03
   7.1461338e+03
   7.2183711e+03
   7.5316636e+03
   7.4631060e+03
   7.7612437e+03
   7.5696299e+03
   7.4242925e+03
   7.3219883e+03
   7.3201455e+03
   7.2520347e+03
   7.4483076e+03
   7.5469966e+03
   7.5562378e+03
   7.5643452e+03
   7.4008994e+03
   7.2781196e+03
   7.2174272e+03
   7.2431343e+03
   7.2696846e+03
   7.1246738e+03
   7.1523018e+03
   6.9324805e+03
   6.6405151e+03
   7.2768027e+03
   7.2028442e+03
   7.2188164e+03
   7.1911587e+03
   7.5115889e+03
   7.3556284e+03
   7.3225322e+03
   7.2751558e+03
   7.2389668e+03
   7.2900884e+03
   7.3179902e+03
   7.4226528e+03
   7.2929951e+03
   7.1935991e+03
   7.2001743e+03
   6.9854702e+03
   7.3448843e+03
   7.4106567e+03
   7.4113174e+03
   7.7692192e+03
   8.1636924e+03
   8.0798628e+03
   7.8790713e+03
   8.1665542e+03
   8.0375376e+03
   8.1924941e+03
   8.1441943e+03
   8.8277646e+03
   8.8070107e+03
   8.7237861e+03
   8.9290381e+03
   8.9428086e+03
   8.7062451e+03
   8.6576426e+03
   8.7458945e+03
   8.6808760e+03
   8.4065156e+03
   8.4454346e+03
   8.3678477e+03
   8.5968301e+03
   8.9098193e+03
   9.3585898e+03
   9.3166299e+03
   9.5089932e+03
   9.3505293e+03
   9.3928750e+03
   9.3443652e+03
   9.2935215e+03
   9.1809629e+03
   9.6134238e+03
   9.7298018e+03
   9.7959434e+03
   9.8651191e+03
   1.0116674e+04
   9.8566113e+03
   1.0208236e+04
   1.0326055e+04
   1.0214380e+04
   1.0312116e+04
   9.8894248e+03
   9.9344336e+03
   9.6901426e+03
   1.0141996e+04
   9.6333867e+03
   9.6084756e+03
   9.6864414e+03
   9.6631816e+03
   9.9245156e+03
   9.6501748e+03
   9.3417051e+03
   8.8205225e+03
   8.7844941e+03
   8.6724551e+03
   8.5995088e+03
   8.5624541e+03
   8.8696699e+03
   8.7877861e+03
   8.7552461e+03
   9.0787627e+03
   9.1225459e+03
   8.9099541e+03
   8.1081162e+03
   7.9236445e+03
   7.9097295e+03
   7.9114302e+03
   4.9707881e+03
   5.5637070e+03
   5.2003662e+03
   5.3923149e+03
   5.0144800e+03
   5.2256294e+03
   5.2384385e+03
   6.1911929e+03
   6.1987783e+03
   6.1850664e+03
   5.8302549e+03
   6.4163149e+03
   6.7348037e+03
   6.6810630e+03
   6.7164404e+03
   6.4697983e+03
   6.2421938e+03
   5.9220430e+03
   6.4298418e+03
   6.4386445e+03
   6.6067764e+03
   6.7936245e+03
   6.7333872e+03
   6.8675273e+03
   6.7911294e+03
   7.2717812e+03
   7.1764146e+03
   7.3340986e+03
   7.3020894e+03
   6.8654932e+03
   6.8590830e+03
   6.9710918e+03
   6.8450376e+03
   6.8424277e+03
   6.6421099e+03
   7.1168042e+03
   7.0961846e+03
   7.2576650e+03
   7.1894248e+03
   6.8819585e+03
   6.8803232e+03
   7.1172075e+03
   7.4297246e+03
   7.5509009e+03
   7.5699360e+03
   7.6798672e+03
   7.7956011e+03
   7.8070586e+03
   8.8010381e+03
   8.6585537e+03
   8.8647666e+03
   8.9885967e+03
   8.8974688e+03
   8.9126543e+03
   9.0030703e+03
   9.2687617e+03
   9.9515186e+03
   9.8426660e+03
   9.5938965e+03
   8.7564307e+03
   8.6017959e+03
   8.8044775e+03
   9.2699873e+03
   9.7337217e+03
   9.3281973e+03
   9.3770137e+03
   9.6707393e+03
   9.7265752e+03
   9.7290381e+03
   9.5229814e+03
   9.0817617e+03
   9.1825771e+03
   9.2092871e+03
   8.7903682e+03
   8.9069346e+03
   8.8350527e+03
   9.1810176e+03
   9.5257510e+03
   9.4391240e+03
   9.7004141e+03
   9.4610586e+03
   1.0167269e+04
   9.5298037e+03
   9.6567178e+03
   9.8006367e+03
   9.6655332e+03
   9.6536797e+03
   9.7588525e+03
   9.7714893e+03
   9.7957002e+03
   9.8700947e+03
   9.3217812e+03
   9.4808438e+03
   9.4752773e+03
   9.3867881e+03
   9.4507021e+03
   9.5380244e+03
   9.4802549e+03
   9.4118408e+03
   9.2880186e+03
   9.3323408e+03
   9.3036299e+03
   9.6487178e+03
   9.6296582e+03
   9.3136104e+03
   9.2648135e+03
   9.1629180e+03
   9.0453906e+03
   9.1435820e+03
   9.1908545e+03
   9.1379932e+03
   9.2283252e+03
   9.1234102e+03
   9.0873037e+03
   9.1324883e+03
   9.0739424e+03
   9.3754746e+03
   9.2522773e+03
   9.4283330e+03
   9.2779678e+03
   9.2788076e+03
   9.2403467e+03
   9.2765000e+03
   9.2436143e+03
   9.2432139e+03
   9.1928369e+03
   9.1322275e+03
   9.1513926e+03
   9.1590400e+03
   9.1858174e+03
   9.1642314e+03
   9.3748877e+03
   9.5253633e+03
   9.5810723e+03
   9.5368926e+03
   9.6771133e+03
   9.9051670e+03
   1.0990873e+04
   1.0912823e+04
   1.1100468e+04
   1.1111214e+04
   1.1323467e+04
   1.1759593e+04
   1.1053614e+04
   1.1246349e+04
   1.1205893e+04
   1.1747022e+04
   1.1779773e+04
   1.1601473e+04
   1.1754046e+04
   1.1675739e+04
   1.1878111e+04
   1.1410525e+04
   1.1584935e+04
   1.1784138e+04
   1.1768871e+04
   1.1865698e+04
   1.1892804e+04
   1.2254402e+04
   1.1991233e+04
   1.1758283e+04
   1.1878372e+04
   1.1592489e+04
   1.1681825e+04
   1.1664848e+04
   1.1774596e+04
   1.1366135e+04
   1.1488363e+04
   1.1323397e+04
   1.1542500e+04
   1.1506865e+04
   1.1711506e+04
   1.1680820e+04
   1.1970479e+04
   1.1414034e+04
   1.0245297e+04
   1.0511813e+04
   1.0169567e+04
   1.0280352e+04
   1.0369563e+04
   1.0131517e+04
   1.0242348e+04
   1.0363139e+04
   1.0400915e+04
   1.0442171e+04
   1.0323756e+04
   1.0680838e+04
   1.0796951e+04
   1.0974905e+04
   1.0948990e+04
   1.0944586e+04
   1.1094347e+04
   1.0938271e+04
   1.0462260e+04
   1.0538460e+04
   1.0246187e+04
   1.0760066e+04
   1.0692717e+04
   1.0750724e+04
   1.0775270e+04
   1.0709652e+04
   1.0844641e+04
   1.0784491e+04
   1.0619452e+04
   1.0575975e+04
   1.0549329e+04
   1.0669583e+04
   1.0793340e+04
   1.0604406e+04
   1.0668969e+04
   1.0915686e+04
   1.1064458e+04
   1.1296361e+04
   1.1384182e+04
   1.1555363e+04
   1.1425899e+04
   1.1429507e+04
   1.1495350e+04
   1.1322123e+04
   1.1358102e+04
   1.1483359e+04
   1.1742037e+04
   1.1916335e+04
   1.2823689e+04
   1.2965892e+04
   1.2931539e+04
   1.3108062e+04
   1.3031174e+04
   1.3075248e+04
   1.3654219e+04
   1.3271285e+04
   1.3437883e+04
   1.3546522e+04
   1.3780995e+04
   1.3737109e+04
   1.3550489e+04
   1.3950301e+04
   1.4133707e+04
   1.5579849e+04
   1.5565881e+04
   1.4833754e+04
   1.5479567e+04
   1.5332315e+04
   1.5290902e+04
   1.5701340e+04
   1.6276344e+04
   1.6317809e+04
   1.6068139e+04
   1.5955588e+04
   1.6716111e+04
   1.7645406e+04
   1.7804006e+04
   1.7817090e+04
   1.8621314e+04
   1.8642232e+04
   1.8370002e+04
   1.8364121e+04
   1.9107465e+04
   1.8732121e+04
   1.7150623e+04
   1.7108402e+04
   1.7717414e+04
   1.8177484e+04
   1.9625836e+04
   1.8802998e+04
   1.9201092e+04
   1.9445398e+04
   1.8699766e+04
   1.9154230e+04
   1.9345121e+04
   1.9191631e+04
   1.8321145e+04
   1.8553916e+04
   1.8264992e+04
   1.8058904e+04
   1.8803656e+04
   1.9142383e+04
   1.9246645e+04
   1.9417076e+04
   2.1310598e+04
   2.2805162e+04
   2.3137961e+04
   2.3869832e+04
   2.3477295e+04
   2.2803082e+04
   2.3783029e+04
   2.3241346e+04
   2.3735949e+04
   2.4664791e+04
   2.6437037e+04
   2.6272295e+04
   2.7084809e+04
   2.7362438e+04
   2.8840953e+04
   2.9001721e+04
   2.9374152e+04
   3.2127268e+04
   3.2782023e+04
   3.1971914e+04
   3.3992430e+04
   3.6824363e+04
   3.9371043e+04
   4.0797609e+04
   4.0254547e+04
   3.8356441e+04
   3.5566656e+04
   3.3922961e+04
   3.7316359e+04
   3.9187328e+04
   3.6825367e+04
   3.6178141e+04
   3.5791277e+04
   3.6630074e+04
   3.6069805e+04
   3.5547750e+04
   3.0825699e+04
   3.3005762e+04
   3.2067643e+04
   3.2289379e+04
   3.2366393e+04
   3.2569850e+04
   3.0432547e+04
   3.3466098e+04
   3.4316387e+04
   3.4269523e+04
   3.3114359e+04
   3.3537176e+04
   3.5510289e+04
   3.7472090e+04
   3.6926066e+04
   3.8144309e+04
   3.9266012e+04
   3.8903441e+04
   4.6196465e+04
   4.6481105e+04
   4.4918184e+04
   4.7909332e+04
   4.7504852e+04
   4.7105516e+04
   4.8717289e+04
   4.7945059e+04
   4.9199871e+04
   5.2149008e+04
   5.1679797e+04
   5.5888133e+04
   5.6099520e+04
   5.7539945e+04
   5.4207320e+04
   4.8824426e+04
   4.9705332e+04
   4.7093852e+04
   4.6339762e+04
   4.6188453e+04
   4.5137770e+04
   4.9631242e+04
   4.8378988e+04
   5.0538242e+04
   4.8561168e+04
   4.8927305e+04
   4.8912383e+04
   5.1206691e+04
   5.2246523e+04
   5.4824117e+04
   5.6008551e+04
   5.7805121e+04
   5.7332090e+04
   6.1243086e+04
   5.9302316e+04
   5.5907199e+04
   5.6804902e+04
   5.8870895e+04
   5.7858922e+04
   5.8346652e+04
   5.8313645e+04
   5.7523422e+04
   5.4529145e+04
   5.4738945e+04
   5.2774266e+04
   5.1704160e+04
   5.5137312e+04
   5.5973512e+04
   5.5950746e+04
   5.7750199e+04
   5.8917691e+04
   5.8918832e+04
   5.9095809e+04
   5.9384312e+04
   5.7603891e+04
   5.8758555e+04
   5.9057879e+04
   5.8192359e+04
   5.6048938e+04
   5.8323953e+04
   5.8245004e+04
   5.9793234e+04
   6.0204965e+04
   5.9893453e+04
   6.3503457e+04
   6.3109695e+04
   6.3314012e+04
   6.1572789e+04
   6.0683820e+04
   5.6216184e+04
   5.5724266e+04
   5.6473031e+04
   5.3906090e+04
   5.1762273e+04
   5.1093652e+04
   5.0050867e+04
   4.9004254e+04
   5.4021754e+04
   5.5033117e+04
   5.4824703e+04
   5.3555109e+04
   5.7750176e+04
   5.7828051e+04
   5.6631078e+04
   5.7200293e+04
   5.3333539e+04
   5.7424008e+04
   5.6396516e+04
   5.7356402e+04
   5.8803777e+04
   5.8232316e+04
   5.5859797e+04
   5.6704574e+04
   4.9150535e+04
   4.9716191e+04
   4.9880535e+04
   4.6760188e+04
   4.6456059e+04
   4.3537512e+04
   4.2909402e+04
   3.7002441e+04
   4.0782738e+04
   3.7304691e+04
   3.7536633e+04
   3.4770582e+04
   3.8705980e+04
   3.8402223e+04
   3.9294199e+04
   3.8436969e+04
   3.5697605e+04
   3.4616066e+04
   3.5678129e+04
   3.7332855e+04
   3.6684926e+04
   3.7575180e+04
   3.9208766e+04
   3.6894406e+04
   3.5551957e+04
   3.5862379e+04
   3.3560707e+04
   3.3472633e+04
   3.7345121e+04
   3.6702598e+04
   3.7334398e+04
   3.5552516e+04
   3.9097859e+04
   4.0218477e+04
   4.0406270e+04
   3.8347062e+04
   3.8053504e+04
   3.5787246e+04
   3.5615871e+04
   3.5698297e+04
   3.1676693e+04
   3.2505660e+04
   3.3723027e+04
   3.4662438e+04
   3.1637779e+04
   3.2186277e+04
   3.4649645e+04
   3.4434336e+04
   3.5867777e+04
   3.5040836e+04
   3.3572117e+04
   3.3897047e+04
   3.4668547e+04
   3.5287781e+04
   3.3746004e+04
   3.4235195e+04
   3.3855328e+04
   3.2877371e+04
   3.3798012e+04
   3.3520520e+04
   3.4240188e+04
   3.3155848e+04
   3.2702025e+04
   3.2822348e+04
   3.1780730e+04
   3.1421539e+04
   3.1533068e+04
   3.1796811e+04
   3.0817832e+04
   2.9807348e+04
   3.2110693e+04
   3.2313105e+04
   3.3581551e+04
   3.4292445e+04
   3.5350188e+04
   3.7337535e+04
   3.9406941e+04
   3.9995906e+04
   4.0008422e+04
   4.2235547e+04
   4.1626195e+04
   3.9974895e+04
   3.9201945e+04
   3.8152980e+04
   3.9747504e+04
   4.0869555e+04
   4.2816500e+04
   4.4555801e+04
   4.3798117e+04
   4.6365402e+04
   4.5585031e+04
   4.5593637e+04
   4.4428289e+04
   4.7793320e+04
   4.7096945e+04
   4.7047004e+04
   4.6004484e+04
   4.4695359e+04
   4.4801188e+04
   4.6717578e+04
   4.9339176e+04
   4.8905492e+04
   4.9321652e+04
   4.9546148e+04
   4.7706117e+04
   4.8960789e+04
   4.6942219e+04
   4.9058668e+04
   4.8902402e+04
   4.8829832e+04
   4.7054984e+04
   4.7166688e+04
   4.8847027e+04
   4.9327723e+04
   5.0025375e+04
   4.9944625e+04
   5.1753410e+04
   5.2633535e+04
   4.6811129e+04
   4.6091391e+04
   4.6391422e+04
   4.4883910e+04
   4.5201457e+04
   4.6063270e+04
   4.4963074e+04
   4.7092492e+04
   4.8176348e+04
   4.7783359e+04
   4.7267520e+04
   4.8278363e+04
   4.7260219e+04
   4.2843801e+04
   4.0693676e+04
   4.3574508e+04
   4.4895098e+04
   4.2839750e+04
   4.2716594e+04
   4.3208539e+04
   4.2235730e+04
   4.1034543e+04
   4.1564363e+04
   4.3790895e+04
   4.8116941e+04
   4.7711488e+04
   4.8199953e+04
   4.9112902e+04
   5.1514812e+04
   5.5361449e+04
   5.3805984e+04
   5.3967848e+04
   5.4968223e+04
   5.4771578e+04
   5.7484789e+04
   5.6041059e+04
   5.7401098e+04
   5.7321523e+04
   6.1593949e+04
   6.0892180e+04
   6.1553617e+04
   6.2026078e+04
   6.4261992e+04
   6.5992836e+04
   6.2210172e+04
   6.0692266e+04
   6.1393617e+04
   6.0930836e+04
   6.3039824e+04
   6.0363793e+04
   5.8482387e+04
   6.0622137e+04
   6.2227965e+04
   6.1888832e+04
   6.1318957e+04
   6.1004406e+04
   6.3226402e+04
   6.2970047e+04
   6.1452230e+04
   6.1125676e+04
   6.1527480e+04
   6.3326988e+04
   6.7566828e+04
   6.6971828e+04
   6.4995230e+04
   6.4949961e+04
   6.4155941e+04
   6.4469527e+04
   6.5466840e+04
   6.3557871e+04
   6.0161246e+04
   6.0368012e+04
   5.6942137e+04
   5.8119578e+04
   5.9697195e+04
   5.8730477e+04
   5.6289289e+04
   5.7569074e+04
   5.6280426e+04
   5.7274680e+04
   5.3569766e+04
   5.4815078e+04
   5.7248457e+04
   5.7806566e+04
   5.7005426e+04
   5.7229828e+04
   5.6477816e+04
   5.3598246e+04
   4.9200703e+04
   4.9368848e+04
   5.0582625e+04
   5.0700086e+04
   5.0504797e+04
   4.7672121e+04
   4.7243305e+04
   4.9362508e+04
   5.0098336e+04
   4.6737480e+04
   4.6612633e+04
   4.8896723e+04
   4.7665426e+04
   4.6202145e+04
   4.6848777e+04
   4.6707016e+04
   4.6880277e+04
   4.8936613e+04
   4.8628512e+04
   5.0784539e+04
   5.0822195e+04
   5.0429859e+04
   5.0809516e+04
   5.0640418e+04
   4.7588855e+04
   4.6444711e+04
   4.7178125e+04
   4.6306445e+04
   4.7686812e+04
   4.7345219e+04
   4.6458117e+04
   4.5897574e+04
   4.3569004e+04
   4.3160930e+04
   4.1557902e+04
   4.1733941e+04
   4.1911602e+04
   4.1821262e+04
   4.2735855e+04
   4.3949102e+04
   4.2591570e+04
   4.3099699e+04
   4.3177398e+04
   4.3113879e+04
   4.2250551e+04
   4.2375633e+04
   4.1744328e+04
   4.0680418e+04
   3.6457316e+04
   3.5030250e+04
   3.6276805e+04
   3.6654328e+04
   3.6954004e+04
   3.6852121e+04
   3.7138234e+04
   3.7784332e+04
   3.8138180e+04
   3.7917602e+04
   3.8483125e+04
   3.8743273e+04
   3.6952984e+04
   3.7154602e+04
   4.1500875e+04
   4.1441164e+04
   4.2412434e+04
   4.3840285e+04
   4.4118445e+04
   4.4338797e+04
   4.3565113e+04
   4.2407938e+04
   4.2244469e+04
   4.2197516e+04
   4.2586918e+04
   4.4575203e+04
   4.3961859e+04
   4.0538012e+04
   4.0030977e+04
   4.0122156e+04
   3.8431379e+04
   3.7075281e+04
   3.8286027e+04
   3.7296570e+04
   3.8332609e+04
   3.9214219e+04
   3.9105148e+04
   3.7709785e+04
   4.3193234e+04
   4.4354637e+04
   4.3924117e+04
   4.2451789e+04
   3.9137605e+04
   3.9400586e+04
   3.8419984e+04
   3.8062039e+04
   3.8737270e+04
   4.1982926e+04
   3.9437461e+04
   3.8794973e+04
   3.8904012e+04
   3.7849664e+04
   3.9666754e+04
   3.9338785e+04
   4.1143930e+04
   4.0951379e+04
   4.1801156e+04
   4.2190652e+04
   4.1247824e+04
   4.1077996e+04
   4.2358809e+04
   4.2892957e+04
   4.3960934e+04
   4.4348730e+04
   4.4500828e+04
   4.6820492e+04
   4.7128004e+04
   4.7465730e+04
   4.7062664e+04
   4.5538676e+04
   4.6281645e+04
   4.5868949e+04
   4.6453566e+04
   4.6622676e+04
   4.5555992e+04
   4.3206738e+04
   4.3503848e+04
   4.2287664e+04
   4.2782137e+04
   4.2207672e+04
   3.9521902e+04
   4.0127184e+04
   4.1166730e+04
   3.9935516e+04
   4.0553465e+04
   4.0424484e+04
   3.9716953e+04
   4.0826215e+04
   4.1502750e+04
   4.1374379e+04
   4.0527363e+04
   3.9740320e+04
   3.9486730e+04
   3.9469293e+04
   4.0458309e+04
   3.8117461e+04
   3.9241121e+04
   3.9773828e+04
   3.8609824e+04
   3.7714875e+04
   3.8469094e+04
   3.8529328e+04
   3.7750453e+04
   3.9698371e+04
   3.6575141e+04
   3.6040922e+04
   3.5501953e+04
   3.4059266e+04
   3.0296953e+04
   3.1022906e+04
   2.8936355e+04
   2.9047752e+04
   2.9283104e+04
   3.0101266e+04
   3.1305113e+04
   2.9862918e+04
   3.0425857e+04
   2.8720271e+04
   3.0314334e+04
   2.9200740e+04
   2.9432227e+04
   3.0323723e+04
   2.9098910e+04
   2.9655586e+04
   2.9562361e+04
   2.9267225e+04
   2.8627574e+04
   2.8814900e+04
   2.9445957e+04
   3.1726391e+04
   3.1792311e+04
   2.9799080e+04
   3.0467488e+04
   2.9704391e+04
   2.9832914e+04
   2.9906662e+04
   3.1370672e+04
   3.1155479e+04
   3.0214355e+04
   3.0111998e+04
   2.9083805e+04
   2.8360811e+04
   2.6762648e+04
   2.2487389e+04
   2.2206793e+04
   2.2572840e+04
   2.0381650e+04
   2.0471482e+04
   1.9017643e+04
   2.0553271e+04
   2.0599537e+04
   2.0710598e+04
   1.9987029e+04
   2.1085877e+04
   2.1231656e+04
   2.1502338e+04
   2.1027295e+04
   2.0735479e+04
   2.0280635e+04
   2.0104023e+04
   1.9784727e+04
   1.9269367e+04
   1.9242256e+04
   1.9297076e+04
   2.0231262e+04
   2.0190115e+04
   2.0548246e+04
   2.1637588e+04
   2.1731117e+04
   2.1592207e+04
   2.0860449e+04
   1.9970557e+04
   1.9323914e+04
   2.0212074e+04
   2.0569920e+04
   2.0836328e+04
   2.1190316e+04
   2.0779344e+04
   2.2485689e+04
   2.3389434e+04
   2.3231732e+04
   2.3164629e+04
   2.2714979e+04
   2.2465479e+04
   2.2609164e+04
   2.1361701e+04
   2.1239754e+04
   2.2930549e+04
   2.3843887e+04
   2.3804633e+04
   2.3656207e+04
   2.3336896e+04
   2.3314199e+04
   2.2978117e+04
   2.2846508e+04
   2.2630957e+04
   2.3289314e+04
   2.2961279e+04
   2.3175891e+04
   2.3809486e+04
   2.3164318e+04
   2.3947643e+04
   2.3957529e+04
   2.4402818e+04
   2.4424068e+04
   2.4319334e+04
   2.4136973e+04
   2.3883291e+04
   2.3335998e+04
   2.3212738e+04
   2.0877553e+04
   2.1166061e+04
   2.1534121e+04
   2.1398908e+04
   2.1528088e+04
   2.1395020e+04
   2.1600904e+04
   2.0260020e+04
   2.0041738e+04
   1.9616814e+04
   2.0297994e+04
   1.9796809e+04
   2.0049764e+04
   2.0127141e+04
   1.9969771e+04
   1.9832088e+04
   1.9986713e+04
   1.9812371e+04
   1.8837668e+04
   1.9290324e+04
   1.9329834e+04
   2.1381152e+04
   2.1680539e+04
   2.1769256e+04
   2.2370449e+04
   2.0296707e+04
   2.0241090e+04
   1.9701211e+04
   1.9772584e+04
   2.0127576e+04
   1.9419506e+04
   1.9544129e+04
   1.8890789e+04
   1.8547400e+04
   1.9413551e+04
   1.9297639e+04
   1.8937012e+04
   1.8802098e+04
   1.9222672e+04
   1.9110547e+04
   1.9426721e+04
   1.9573051e+04
   1.9431789e+04
   1.9312096e+04
   1.9044107e+04
   1.9623580e+04
   2.0336844e+04
   2.0160717e+04
   1.9955443e+04
   1.9546850e+04
   1.9416568e+04
   1.9446426e+04
   1.9141484e+04
   1.9051418e+04
   1.9157445e+04
   1.9382904e+04
   1.9185656e+04
   1.9067635e+04
   1.9268094e+04
   1.9550758e+04
   1.9334416e+04
   1.9139535e+04
   1.9053740e+04
   1.9172469e+04
   1.9208189e+04
   1.9567008e+04
   1.9345572e+04
   2.0095857e+04
   2.0770441e+04
   2.0285836e+04
   2.0595352e+04
   2.0818477e+04
   2.0635604e+04
   2.0495773e+04
   2.0485273e+04
   2.0159504e+04
   2.0209988e+04
   2.1147230e+04
   2.1282691e+04
   2.0926486e+04
   2.0602816e+04
   1.8541271e+04
   1.5880780e+04
   1.7586771e+04
   1.7034293e+04
   1.6799186e+04
   1.6353365e+04
   1.6618199e+04
   1.6884613e+04
   1.6669439e+04
   1.6687518e+04
   1.6697777e+04
   1.6711547e+04
   1.6291832e+04
   1.5787284e+04
   1.6189770e+04
   1.6610707e+04
   1.6604465e+04
   1.6521842e+04
   1.6464281e+04
   1.6444627e+04
   1.6217322e+04
   1.6444982e+04
   1.7168566e+04
   1.6967133e+04
   1.7088660e+04
   1.6908236e+04
   1.7130486e+04
   1.6974826e+04
   1.7089504e+04
   1.6848127e+04
   1.7233475e+04
   1.7133152e+04
   1.7128725e+04
   1.7104193e+04
   1.7206438e+04
   1.7781318e+04
   1.7815650e+04
   1.7364865e+04
   1.6647484e+04
   1.6795092e+04
   1.6757977e+04
   1.6439680e+04
   1.6906305e+04
   1.6817535e+04
   1.6830342e+04
   1.6796953e+04
   1.6847756e+04
   1.6841986e+04
   1.6919805e+04
   1.6717174e+04
   1.6552572e+04
   1.6642342e+04
   1.6602586e+04
   1.6547496e+04
   1.6625080e+04
   1.6688471e+04
   1.6679857e+04
   1.6863238e+04
   1.6836736e+04
   1.6951969e+04
   1.6955078e+04
   1.7091145e+04
   1.7196555e+04
   1.7446293e+04
   1.7934896e+04
   1.8869588e+04
   1.9909574e+04
   2.0976299e+04
   2.0880799e+04
   2.1169633e+04
   2.1161520e+04
   2.0688781e+04
   2.1086793e+04
   2.2676553e+04
   2.2777625e+04
   2.2720416e+04
   2.2934432e+04
   2.2636469e+04
   2.3117859e+04
   2.3032777e+04
   2.3078729e+04
   2.3031090e+04
   2.3774566e+04
   2.2840139e+04
   2.3139283e+04
   2.3723770e+04
   2.3471871e+04
   2.3449322e+04
   2.3331848e+04
   2.2955666e+04
   2.2760109e+04
   2.3264291e+04
   2.2939398e+04
   2.1819039e+04
   2.1651184e+04
   2.1870875e+04
   2.1788203e+04
   2.1808102e+04
   2.2220805e+04
   2.4307842e+04
   2.3623475e+04
   2.4565602e+04
   2.4641277e+04
   2.4327643e+04
   2.4829148e+04
   2.4436354e+04
   2.4188844e+04
   2.3947492e+04
   2.3198127e+04
   2.3175375e+04
   2.3561213e+04
   2.3522871e+04
   2.3147354e+04
   2.3646551e+04
   2.3475467e+04
   2.2362680e+04
   2.2353350e+04
   2.2414926e+04
